1001304
1004046
10090
101293
1017751
101949
1026992
103112
103770
103825
10489
105348
1059933
106339
106492
106761
10689
108254
108269
1084063
108506
1085454
10904
10937237
11074
11090
11274
11299
1129986
1136914
1138010
113937
114095
1141634
115034
117235
117278
1182375
118493
1185299
118634
118740
1190914
11932
11977
119919
1199505
120598
1206885
1208871
1209137
121146
12159
121591
1218605
1219568
1224709
123295
123696
124052
1243120
124389
125220
1260118
126496
1265933
126770
126845
127247
12736
128186
12952
12979
12997
1317241
1319188
133678
134377
1346700
1351892
135835
135907
136093
1361373
136243
13653
1371142
1371279
1377950
13806424
138249
139508
1395179
1396013
139626
13977
139812
1405348
1407771
14117723
1415502
1417120
141986
1422181
1427226
14351
143606
1437465
143952
14481221
1449
14560
14561
1460423
14634
14704083
147667
14846
1484922
148809
1489
14911
1492144
1504960
15105792
15122155
1515904
1516042
151774
15196686
15221
152212
152213
15236
1526622
153894
1542539
15553
156017
156333
156591
1565913
156760
15695198
157158
15759
157827
1581268
1582675
158289
159105
160180
160319519
1605450
160693
160805
16093
161
161086
1621076
163614
164553
1659555
16614
16654779
16659
1667496
167175
1673171
1675864
16799
168004
169396
1697810
1700148
1710025
171094
17182
17187
171918
1719197
171953
172427
17266
172957
17333
1737296
1739986
175240
1756888
1763180
1765970
176800
17808
178544670
1787751
17905
17989
1825558
1827
18339
1835658
18379994
18538764
185448
1864013
1868952
1869865
1872374
1872704
1878052
1887
1888899
189032
1899707
19057
190715
190868
191709
1921597
193169
193398408
193916
19477150
195525
1955327
19648472
19676
19691
19774101
1985747
19862
198915
1990
1990533
199133
19952
20017
200226
2003892
201224
201943
2029722
20333348
20350
20351
2048313
2048842
20534
205598
20571
207271
21227
212682
2133374
213475
2137070
213832
2139147
2144095
2158
2163686
217400
217449
21759577
218135
219470
219716
2198820
220763
221000
2223121
2223235
224027681
225097
226235
22638723
22653683
22678362
227014
22744334
227956
228027
2306
2308551
23100
2322
2325373
232582
232959
2346564
2358
237259
2376
237652
2378717
23793
2394861
2395
239752
24026
2403
24227
24232
24327
2437417
243903
2452773
246919
248091316
249475
249543643
249649
2500528
25009
2527
253971
255940
2577882
25929
26031750
26087
260966
2617
26196
2623656
26253
26363372
2653284
265916
266339
266946
267104
267235
2685
268798
2705492
2710538
27173
271910
273567
273759
274243
275488575
275756
279292
2796357
27982
28015
280899
281552
2817117
284062
284549
286608
289313699
2893945
291199
2919993
2924830
292815
294388
29450
29750
298245303
2985994
299161340
299945
30043
301967
3022995
302797
3028726
304309
30536
306278
30697
309658
31149
3134975
314683
31570
317172
31850
319830
32088
321
32133
3222
3238183
325072
325898
32826
32851
32866
32870
3293619
329531
330472
331282
33186
332252
3330534
337504
3377528
338041
33857
34149
3447382
345248
3461
34777
348008
35002
35064
3511488
35228
3537484
354478
3596293
35982
3598456
362402
36375
3650979
3660315
36663
3666382
36802
36868
369032
370550
3719650
375331
37908
3792825
379682809
380477
381119
381177
38188
3820
382263
383001
3854113
385450
386
386996
387174
387802
389785265
38998
3903
390414
39371
394886
395006
397293
397607
40098
405045
40585
406
40601
4064341
408
4090181
4097514
41003889
4102513
41161
41314
4135194
41372
41479
41555
4196888
42103
422375
4246274
4281042
4281573
42873
43008
4308388
43100
4336982
4349165
436302
43747
4390
440401
442589
446726
4473294
4492
44988
45110
451430
4559382
4583
458393
460134
46208
4644495
46719
46803
471436
4735869
480572
4817853
48379
48510
48631
492827
4932614
4932868
494075
496687
49829
49990
501324
5019159
503
5037
50601
5068846
508742
5127
512898849
5132
517602
51814
5183
519038
5197
52847
52975
53193
534953
53754
53771
53776
5391
54057
54229
5424128
5428
54406853
5487974
54899
55428
554429
55563
55702
559667
5623
56572
56782587
568003
56820
56840
570264
57296
5741
5752
5757
5847
5952897
59772
59899
601693
6023
607981
61110
612838
6140646
6172
617232
618551
619602
620606
6225105
6262
62729
63036
6333
63465
637
638746
6390
643
64349
6492
65637
659581
6598
6611122
662
66438
66559
676606
686088
687543
6881
696481
70270
7087
70978256
710
71439
71635
71868
71875
724133
724355
72700
72972
7373
7402
744
746239
754
755944
75791
75932
75944
76757
768710
770926
7766593
77745
78961
792557
793502
79525
79689
798943
8019
804029
804383
804580
807129
808
80853
8157
81745
820468
82450
82461
828095
830542
8309733
831
832
832803
832925
834
83476
8352781
8378743
8418
8429
8436
844855
85047
8507
85441
85680
85695
8627
865923
86965
8705
871705
87346
878
878613
8797
881385
8837
8862
8883
889
89175
891934
892245
8955708
897742
897923
8991430
9009279
91521
9229
926946
933088
93999
940345
943380
94498121
94855
952309
956397
957776
965362
96761
97160
971839
98007
981916
9841091
989278
9924
99607